import pandas as pd
import numpy as np

def local_global_results():
    """   
    Numerical values used to reproduce plots in the paper 
    depicting the difference in accuracy achieved when using 
    local vs global depolarising noise models

    Format: (p_local, mean_local_acc, std_local_acc, mean_global_acc, std_global_acc)
    """

    heart_data = [
        (0,0.8248087431693989,0.04121588095508379, 0.8248087431693989, 0.04121588095508379),
        (0.05,0.8182513661202184,0.030980474201008756,0.8248087431693989,0.036951529191229744),
        (0.1,0.8083060109289617, 0.03707423754109027, 0.8215300546448088, 0.03346047596612635),  
        (0.2, 0.6858469945355192,0.14479043084542303, 0.7552459016393442, 0.0815926597121623),
        (0.3, 0.5834972677595629, 0.16031790433944096, 0.6297814207650273,0.18175047398429056), 
        (0.375, 0.5243169398907104 ,0.14283739086991004,0.5931693989071037, 0.18649497485384), 
        (0.5, 0.46530054644808744, 0.05495540147223879,0.5079234972677595,0.1346703545420709), 
        (0.6, 0.45874316939890714,0.044548089010248794 ,0.45874316939890714,0.044548089010248794 ),
        (0.7,0.45874316939890714,0.044548089010248794, 0.45874316939890714, 0.044548089010248794 ),
        (0.75, 0.45874316939890714, 0.044548089010248794, 0.45874316939890714,0.044548089010248794 ),
    ]

    wine_2N1L = [

    (0, 0.6533333333333333,0.04988876515698587, 0.6533333333333333,0.04988876515698587 ),
    (0.1,0.6300000000000001,0.03858612300930072 ,0.6366666666666667, 0.04396968652757639), 
    (0.2, 0.5433333333333333 , 0.06716480559869963, 0.61,0.044221663871405324 ),
    (0.25, 0.5233333333333334,0.05637178175095922, 0.5633333333333332, 0.03858612300930076),
    (0.3,0.4833333333333334 , 0.08498365855987976, 0.51,0.0992191737742481), 
    (0.35 ,0.44000000000000006,0.08069145624606805, 0.4766666666666667,0.10519822558706333),
    (0.375,0.4133333333333334,0.06446359868604573, 0.47000000000000003,0.09854496999396324),
    (0.4, 0.4166666666666667 ,0.0632455532033676 , 0.44333333333333336 ,0.07717224601860151),
    (0.45,0.4166666666666667 , 0.0632455532033676,0.4166666666666667 , 0.0632455532033676),
    (0.5,0.4166666666666667 , 0.0632455532033676 , 0.4166666666666667 , 0.0632455532033676),
    (0.6,0.4166666666666667 , 0.0632455532033676, 0.4166666666666667 , 0.0632455532033676,),
    (0.75,0.4166666666666667 , 0.0632455532033676,0.4166666666666667 , 0.0632455532033676), 

    ]

    wine_3N1L = [
    (0, 0.7220000000000001, 0.04226109321823088, 0.7220000000000001, 0.04226109321823088), 
    (0.1,0.7100000000000001, 0.04743416490252569,0.7110000000000001, 0.041641325627314034),
    (0.2,0.6869999999999999, 0.037762415176998396, 0.699, 0.03992492955535425), 
    (0.25,0.6629999999999999, 0.06407807737440314,0.686, 0.047476309881876864), 
    (0.3,0.624, 0.07677239087067693,0.652, 0.07480641683706017),
    (0.35,0.579, 0.09297311439335565,0.584, 0.10795369377654473),
    (0.375,0.572,0.09479451460923254,0.571, 0.11204463396343439),
    (0.4,0.563, 0.0816455755078008,0.569, 0.11137324633860682),
    (0.45,0.525, 0.05983310120660635,0.546, 0.08867919710958144),
    (0.5,0.507, 0.05211525688318153 ,0.49799999999999994, 0.03695943722515268),
    (0.6,0.493, 0.029933259094191537,0.493,0.029933259094191537),
    (0.75,0.493, 0.029933259094191537,0.493, 0.029933259094191537)
    ]

    return heart_data, wine_2N1L, wine_3N1L


def margin_results():
    """   
    Noisy margin values obtained for various datasets at increasing levels of local depolarising noise
    scaled by the value of the margin at no noise
    """
    p_local_list = [0,0.05,0.1,0.25,0.375,0.5,0.75]
    
    heart_margin = [0.16740862338544887, 0.13384389223996065,  0.10243140450410765, 0.04654498929105347, 0.020052512412971187, 0.006585789451575739, 0.001967244930069497]
    clean_margin = heart_margin[0]
    heart_margin = np.array(heart_margin)/clean_margin

    gaus_margin = [0.06662847412280092, 0.05231107104254029, 0.0415573801018878, 0.018685106062826834,  0.009406816664064824, 0.002904496998082465, 0.00014717672555800701]
    clean_margin = gaus_margin[0]
    gaus_margin = np.array(gaus_margin)/clean_margin
    

    bc_margin = [0.030265367540619283,0.023988142969443592,0.018770788550924514,
                        0.008573209110820027,0.003866396985579238,0.0012859428366750066,
                        9.349105941676116e-06]
    clean_margin = bc_margin[0]
    bc_margin = np.array(bc_margin)/clean_margin
    
    wineL1_margin = [0.09200237092330424, 0.07206392378552345,0.054420682112945824,0.02105278150439976, 0.009707630258645747, 0.002128658324567903, 3.672418130171049e-05]
    clean_margin = wineL1_margin[0]
    wineL1_margin = np.array(wineL1_margin)/clean_margin
    
    
    wineL2_margin = [0.05065168132809738, 0.01641097271435075, 0.011249833137679036, 0.0020098947943698407, 0.0005971065056586837, 0.00013830946172842956, 2.60302351914855e-05]
    clean_margin = wineL2_margin[0]
    wineL2_margin = np.array(wineL2_margin)/clean_margin
    
    return p_local_list,heart_margin, gaus_margin, bc_margin, wineL1_margin, wineL2_margin

def upper_bound_results(heart_margin, gaus_margin, bc_margin, wineL1_margin, wineL2_margin):
    """   
    Theoretical upper bound values computed for various datasets at increasing levels of local depolarising noise
    scaled by the value of the margin at no noise
    """
    p_local_list = [0,0.05,0.1,0.25,0.375,0.5,0.75]
    heart_upper = [0.2525252331482871,0.19111364505760609,  0.15320560292066435, 0.08885765532687485, 0.05764552518279823, 0.035665876786126934, 0.008732609115352764]
    clean_margin = heart_margin[0]
    heart_upper = np.array(heart_upper)/clean_margin

    gaus_upper = [0.19897583540332298, 0.11022340065276134, 0.07991871989127752, 0.04201471563153883, 0.026569785250692302, 0.016258553563406497, 0.0039557268751735245]    
    clean_margin = gaus_margin[0]
    gaus_upper = np.array(gaus_upper)/clean_margin

    bc_upper = [0.030358302586512946,0.025155761061244102,0.021200887168802342,
                    0.013149961214320455,0.008716707788991208,0.005447175907896808,
                    0.0013416168246656007]
    clean_margin = bc_margin[0]
    bc_upper = np.array(bc_upper)/clean_margin

    wineL1_upper = [0.09550422422076438, 0.07876218439456123,0.06618106254403748, 0.040865506214153, 0.027046211051936164, 0.01688892408898398, 0.004157810501418686]
    clean_margin = wineL1_margin[0]
    wineL1_upper = np.array(wineL1_upper)/clean_margin

    
    wineL2_upper = [0.0510616448209617, 0.03590067014411004, 0.026662409939386594, 0.011676329838618684, 0.005519518584628292, 0.0022497055739467945, 0.00014046864947600156]
    clean_margin = wineL2_margin[0]
    wineL2_upper = np.array(wineL2_upper)/clean_margin


    return p_local_list, heart_upper, gaus_upper, bc_upper, wineL1_upper, wineL2_upper


def lower_bound_results(heart_margin, gaus_margin, bc_margin, wineL1_margin, wineL2_margin):
    """   
    Theoretical lower bound values computed for various datasets at increasing levels of local depolarising noise
    scaled by the value of the margin at no noise
    """
    p_local_list = [0,0.01,0.05,0.07,0.1,0.135,0.15]
    heart_lower = [0.06376899337659676,0.05874348782195379, 0.04011149394629656,
                0.031636053965482996, 0.01990867973217351,0.00763195610671373,0.0028066328209874515
    ]
    clean_margin = heart_margin[0]
    heart_lower = np.array(heart_lower)/clean_margin


    gaus_lower = [0.03967477299353278,0.03654808427695391,0.024955928147594533,
                    0.019682814374679027, 0.012386464128580937, 0.00474832845866436,
                        0.0017461859463778534 ]
    clean_margin = gaus_margin[0]
    gaus_lower = np.array(gaus_lower)/clean_margin


    bc_lower = [0.0009216265359342784, 0.0008489950103229005,0.0005797146114343601,
                    0.00045722262941566956,0.0002877318045186817, 0.00011030146308714431,
                        4.056308791280723e-05]
    clean_margin = bc_margin[0]
    bc_lower = np.array(bc_lower)/clean_margin

    wineL1_lower = [0.014120063832366404,0.013007290124266548,0.00888169665135637,
                        0.007005020429893573,0.004408283928464792, 0.001689907613190673,
                        0.0006214593094220234  ]
    clean_margin = wineL1_margin[0]
    wineL1_lower = np.array(wineL1_lower)/clean_margin

    wineL2_lower = [0.0041014442875558004, 0.003778217748170988, 0.0025798597249261914,
                    0.0020347429988624667, 0.001280470906574921,0.0004908661893390572,
                        0.0001805148167060488 ]
    clean_margin = wineL2_margin[0]
    wineL2_lower = np.array(wineL2_lower)/clean_margin

    return p_local_list, heart_lower, gaus_lower, bc_lower, wineL1_lower, wineL2_lower


def boxplot_results():
    """Cross-label margin values computed for 3 different fractions of corrupted training labels for various datasets"""

    levels = [0, 0.5, 1.0] #Corruption levels

    #HTRU2 Dataset
    url = "data/CrossKernelMargins_HTRU2.csv" #Load the dataset
    htru2 = pd.read_csv(url)

    #Only store the cross kernel margins for the specified corruption levels
    htru2_subset = htru2[htru2.iloc[:,0].isin(levels)] 

    corr = htru2_subset.iloc[:,0]
    margin = htru2_subset.iloc[:,1]

    # Flatten tuples into floats
    margin = margin.apply(lambda x: float(x.strip("()").split(",")[0]))
    
    #Store the results in a pandas DataFrame
    htru2_df = pd.DataFrame(
        {
            'corruption_levels': corr,
            'cross_margin': margin,
        }
    ) 

    htru2_df['corruption_levels'] = htru2_df['corruption_levels'].astype(str)

    #Wine Dataset
    url = "data/CrossKernelMargins_Wine.csv"
    wine = pd.read_csv(url)

    #Store the geometric margins for the specified corruption levels
    wine_subset = wine[wine.iloc[:,0].isin(levels)]
    
    corr = wine_subset.iloc[:,0]
    margin = wine_subset.iloc[:,1]

    # Flatten tuples into floats
    margin = margin.apply(lambda x: float(x.strip("()").split(",")[0]))
    
    #Store the results in a pandas DataFrame
    wine_df = pd.DataFrame(
        {
            'corruption_levels': corr,
            'cross_margin': margin
        }
    ) 

    wine_df['corruption_levels'] = wine_df['corruption_levels'].astype(str)

    #Heart Dataset
    url = "data/CrossKernelMargins_Heart.csv"
    heart = pd.read_csv(url)

    #Store the geometric margins for the specified corruption levels
    heart_subset = heart[heart.iloc[:,0].isin(levels)]

    corr = heart_subset.iloc[:,0]
    margin = heart_subset.iloc[:,1]

    # Flatten tuples into floats
    margin = margin.apply(lambda x: float(x.strip("()").split(",")[0]))
    
    #Store the results in a pandas DataFrame
    heart_df = pd.DataFrame(
        {
            'corruption_levels': corr,
            'cross_margin': margin,
        }
    ) 

    heart_df['corruption_levels'] = heart_df['corruption_levels'].astype(str)

    #Gaussian Dataset
    url = "data/CrossKernelMargins_Gaus.csv"
    gaus = pd.read_csv(url)

    #Store the geometric margins for the specified corruption levels
    gaus_subset = gaus[gaus.iloc[:,0].isin(levels)]

    corr = gaus_subset.iloc[:,0]
    margin = gaus_subset.iloc[:,1]

    # Flatten tuples into floats
    margin = margin.apply(lambda x: float(x.strip("()").split(",")[0]))
    
    #Store the results in a pandas DataFrame
    gaus_df = pd.DataFrame(
        {
            'corruption_levels': corr,
            'cross_margin': margin,
        }
    ) 

    gaus_df['corruption_levels'] = gaus_df['corruption_levels'].astype(str)
    
    return htru2_df, wine_df, heart_df, gaus_df


def dual_plot_results():
    "Cross-label margin values computed for all corruption levels for various datasets"
    levels = [0,0.1,0.25,0.5,0.6,0.75,1.0] #Corruption levels

    #HTRU2 Dataset
    url = "data/CrossKernelMargins_HTRU2.csv" #Load the dataset
    htru2 = pd.read_csv(url)

    #Only store the geometric margins for the specified corruption levels
    htru2_subset = htru2[htru2.iloc[:,0].isin(levels)] 
    #print(htru2_subset)
    corr = htru2_subset.iloc[:,0]
    margin = htru2_subset.iloc[:,1]

    # Flatten tuples into floats
    margin = margin.apply(lambda x: float(x.strip("()").split(",")[0]))
    
    #Store the results in a pandas DataFrame
    htru2_df = pd.DataFrame(
        {
            'corruption_levels': corr,
            'cross_margin': margin,
        }
    ) 

    htru2_df['corruption_levels'] = htru2_df['corruption_levels'].astype(str)

    #Wine Dataset
    url = "data/CrossKernelMargins_Wine.csv"
    wine = pd.read_csv(url)

    #Store the geometric margins for the specified corruption levels
    wine_subset = wine[wine.iloc[:,0].isin(levels)]
    
    corr = wine_subset.iloc[:,0]
    margin = wine_subset.iloc[:,1]

    # Flatten tuples into floats
    margin = margin.apply(lambda x: float(x.strip("()").split(",")[0]))

    #Store the results in a pandas DataFrame
    wine_df = pd.DataFrame(
        {
            'corruption_levels': corr,
            'cross_margin': margin
        }
    ) 

    wine_df['corruption_levels'] = wine_df['corruption_levels'].astype(str)

    #Heart Dataset
    url = "data/CrossKernelMargins_Heart.csv"
    heart = pd.read_csv(url)

    #Store the geometric margins for the specified corruption levels
    heart_subset = heart[heart.iloc[:,0].isin(levels)]

    corr = heart_subset.iloc[:,0]
    margin = heart_subset.iloc[:,1]

    # Flatten tuples into floats
    margin = margin.apply(lambda x: float(x.strip("()").split(",")[0]))

    #Store the results in a pandas DataFrame
    heart_df = pd.DataFrame(
        {
            'corruption_levels': corr,
            'cross_margin': margin,
        }
    ) 

    heart_df['corruption_levels'] = heart_df['corruption_levels'].astype(str)

    #Gaussian Dataset
    url = "data/CrossKernelMargins_Gaus.csv"
    gaus = pd.read_csv(url)

    #Store the geometric margins for the specified corruption levels
    gaus_subset = gaus[gaus.iloc[:,0].isin(levels)]

    corr = gaus_subset.iloc[:,0]
    margin = gaus_subset.iloc[:,1]

    # Flatten tuples into floats
    margin = margin.apply(lambda x: float(x.strip("()").split(",")[0]))

    #Store the results in a pandas DataFrame
    gaus_df = pd.DataFrame(
        {
            'corruption_levels': corr,
            'cross_margin': margin,
        }
    ) 

    gaus_df['corruption_levels'] = gaus_df['corruption_levels'].astype(str)
    
    return htru2_df, wine_df, heart_df, gaus_df



def acc_margin_results(htru2_df, wine_df, heart_df, gaus_df):
    """Mean accuracies with their standard deviations and median margins 
    for increasing corruption levels for the various datasets"""

    htru2_acc = [0.9719999999999999, 0.9640000000000001,0.96,0.624,0.048, 0.036, 0.028000000000000004]
    htru2_std = [0.016000000000000018, 0.023323807579381222, 0.017888543819998333, 0.31984996482726086,0.020396078054371138,0.0265329983228432,0.015999999999999997 ]

    median_margins = htru2_df.groupby('corruption_levels').agg({
        'cross_margin':'median',
    }).reset_index()

    htru2_med_margins = median_margins['cross_margin']

    wine_acc = [0.7150000000000001, 0.7150000000000001,0.69, 0.505, 0.35, 0.275,0.28500000000000003]
    wine_std = [0.034999999999999976, 0.034999999999999976,0.009999999999999953, 0.14500000000000002, 0.06999999999999998, 0.045, 0.035]

    
    median_margins = wine_df.groupby('corruption_levels').agg({
        'cross_margin':'median',
    }).reset_index()

    wine_med_margins = median_margins['cross_margin']

    heart_acc = [0.8247540983606557, 0.8249180327868852, 0.8181420765027323, 0.5312021857923497, 0.346775956284153, 0.2540983606557377,0.17524590163934425]
    heart_std = [0.049880744041323595, 0.040801562906446445, 0.050333060138211, 0.0846875366197986, 0.08115561770995842,0.043669374205304735,0.04988074404132358]

    
    median_margins = heart_df.groupby('corruption_levels').agg({
        'cross_margin':'median',
    }).reset_index()

    heart_med_margins = median_margins['cross_margin']

    gaus_acc = [0.836, 0.8239999999999998, 0.8140000000000001,0.4640000000000001, 0.312, 0.18,0.164]
    gaus_std = [0.022449944320643633, 0.033823069050575506, 0.04079215610874226, 0.059194594347794977, 0.08704022058795577,0.046475800154489, 0.02244994432064365]


    median_margins = gaus_df.groupby('corruption_levels').agg({
        'cross_margin':'median',
    }).reset_index()

    gaus_med_margins = median_margins['cross_margin']

    return htru2_acc, htru2_std, htru2_med_margins, wine_acc, wine_std, wine_med_margins, heart_acc, heart_std, heart_med_margins, gaus_acc, gaus_std, gaus_med_margins

def ideal_kernels_IBM():
    """
    Precomputed ideal kernel matrix used for computation of noisy margin on the hardware 
    """
    clean_K_bc220 = np.array([[ 1.00000000e+00 , 2.40631502e-01 , 2.39324899e-01 , 8.41975120e-01,
    1.69525966e-01,  1.36183005e-01  ,8.88049881e-01,  1.75764986e-01,
    4.08313452e-01,  5.18434371e-01,  4.59526108e-02,  9.90892739e-01],
    [ 2.40631502e-01 , 1.00000000e+00 , 2.20366906e-02  ,2.05485738e-01,
    2.58903472e-03 ,-6.93889390e-18  ,2.01105982e-01  ,1.87166935e-01,
    8.32946703e-02 , 1.35259670e-01  ,3.35004602e-01  ,2.43751651e-01],
    [ 2.39324899e-01  ,2.20366906e-02  ,1.00000000e+00  ,1.41975765e-01,
    9.52804242e-01  ,8.86830401e-01  ,1.60730708e-01  ,8.97494693e-02,
    7.76013451e-01  ,8.84242404e-01  ,2.01026791e-01  ,3.01487563e-01]
    , [ 8.41975120e-01  ,2.05485738e-01  ,1.41975765e-01  ,1.00000000e+00,
    8.68971897e-02  ,5.36260452e-02  ,9.94805039e-01  ,5.64798682e-02,
    2.86792025e-01  ,2.97345803e-01  ,1.19382257e-01  ,8.29647103e-01]
    ,[ 1.69525966e-01 , 2.58903472e-03  ,9.52804242e-01 , 8.68971897e-02,
    1.00000000e+00  ,9.83999862e-01  ,1.03997133e-01  ,5.81588276e-02,
    8.27253740e-01  ,7.97549080e-01  ,2.40922828e-01  ,2.25619405e-01]
    ,[ 1.36183005e-01 ,-6.93889390e-18 , 8.86830401e-01  ,5.36260452e-02,
    9.83999862e-01  ,1.00000000e+00  ,6.95989179e-02  ,4.04278883e-02,
    8.08453509e-01  ,7.14889242e-01  ,2.48373223e-01  ,1.81904793e-01]
    ,[ 8.88049881e-01  ,2.01105982e-01  ,1.60730708e-01 , 9.94805039e-01,
    1.03997133e-01  ,6.95989179e-02  ,1.00000000e+00  ,7.81254558e-02,
    3.28945601e-01  ,3.47665950e-01  ,9.01383875e-02  ,8.79489710e-01]
    ,[ 1.75764986e-01  ,1.87166935e-01  ,8.97494693e-02  ,5.64798682e-02,
    5.81588276e-02  ,4.04278883e-02  ,7.81254558e-02  ,1.00000000e+00,
    1.56671341e-01  ,2.16532069e-01  ,3.19095662e-01 , 2.00683430e-01]
    ,[ 4.08313452e-01  ,8.32946703e-02  ,7.76013451e-01  ,2.86792025e-01,
    8.27253740e-01  ,8.08453509e-01  ,3.28945601e-01  ,1.56671341e-01,
    1.00000000e+00  ,8.58021028e-01  ,1.38555624e-01  ,4.88413675e-01]
    ,[ 5.18434371e-01  ,1.35259670e-01 , 8.84242404e-01  ,2.97345803e-01,
    7.97549080e-01  ,7.14889242e-01  ,3.47665950e-01  ,2.16532069e-01,
    8.58021028e-01  ,1.00000000e+00  ,8.54619611e-02 , 5.96468452e-01]
    ,[ 4.59526108e-02 , 3.35004602e-01 , 2.01026791e-01 , 1.19382257e-01,
    2.40922828e-01  ,2.48373223e-01  ,9.01383875e-02  ,3.19095662e-01,
    1.38555624e-01  ,8.54619611e-02  ,1.00000000e+00  ,2.12658540e-02]
    ,[ 9.90892739e-01 , 2.43751651e-01 , 3.01487563e-01 , 8.29647103e-01,
    2.25619405e-01 , 1.81904793e-01  ,8.79489710e-01,  2.00683430e-01,
    4.88413675e-01,  5.96468452e-01 , 2.12658540e-02 , 1.00000000e+00]])

    clean_K_bc45 = np.array([[1., 0.84915205, 0.05751075, 0.57307879, 0.46274609 ,0.14149104,
    0.05635351, 0.07599816, 0.07309519, 0.72494609, 0.05309426, 0.06193542,
    0.51916155, 0.05031607, 0.57296901, 0.52946598, 0.87875888, 0.05019308,
    0.02772818, 0.07324361, 0.15381283, 0.35860423, 0.1264918,  0.17705481,
    0.10289988, 0.1990968 , 0.15999133, 0.95749775],
    [0.84915205, 1.        , 0.00455761, 0.2517766,  0.41560088, 0.02775126,
    0.04757842, 0.00871578, 0.00405112, 0.37783169, 0.13871185, 0.07068179,
    0.22693194, 0.00189221, 0.81792577, 0.21081329, 0.66920749, 0.00306247,
    0.12556334, 0.04058553, 0.02973577, 0.12121865, 0.08940803, 0.05092591,
    0.13115577, 0.17462734, 0.18340561, 0.83255243],
    [0.05751075, 0.00455761, 1.        , 0.33025919, 0.15099084, 0.27066399,
    0.09681165, 0.22007136 ,0.22242499 ,0.27745642, 0.05057384, 0.16803909,
    0.34396182, 0.19890697, 0.16934066, 0.32107154, 0.17271003, 0.19951104,
    0.12578775, 0.23838746, 0.18788174, 0.34878788, 0.1428946,  0.30215554,
    0.1118672,  0.2080796,  0.18953853, 0.01848139],
    [0.57307879, 0.2517766 , 0.33025919, 1.        , 0.25551225, 0.56115845,
    0.11485981, 0.60098595, 0.61191394, 0.96700727, 0.13835075, 0.45035671,
    0.98058324, 0.55000433, 0.05064578, 0.98449443, 0.76458615, 0.54662346,
    0.24114071, 0.55710488, 0.2836758,  0.9303747,  0.09583238, 0.71763006,
    0.24030285, 0.53648753, 0.47258497, 0.43596275],
    [0.46274609, 0.41560088, 0.15099084, 0.25551225, 1.        , 0.11393876,
    0.62332087, 0.24398375, 0.34887312, 0.30172015, 0.09522926, 0.53453331,
    0.23942165, 0.35885624, 0.29830084, 0.24709906, 0.35314874, 0.28044025,
    0.45159713, 0.29982299, 0.01301427, 0.23549304, 0.75775117, 0.21907153,
    0.73933105, 0.0777974,  0.05865383, 0.48064922],
    [0.14149104, 0.02775126, 0.27066399, 0.56115845, 0.11393876, 1.,
    0.14968192, 0.32630754, 0.44510995, 0.4382698 , 0.46563895, 0.5521146,
    0.67863038, 0.39403838, 0.02832956, 0.48493992, 0.40007211, 0.32432278,
    0.66443894, 0.88043612, 0.81294358, 0.74641535, 0.09655311, 0.9303188,
    0.31809732, 0.12806758, 0.110114 ,  0.06923869],
    [0.05635351, 0.04757842, 0.09681165, 0.11485981, 0.62332087, 0.14968192,
    1.        , 0.59979668, 0.64659948, 0.06277664, 0.10367296, 0.70027555,
    0.1222558 , 0.70233237, 0.12793202, 0.14437594, 0.0044328 , 0.66790105,
    0.44489774, 0.36606857, 0.05738999, 0.21764757, 0.96636101 ,0.25548584,
    0.87645664, 0.27817387, 0.33517807, 0.12057552],
    [0.07599816, 0.00871578, 0.22007136, 0.60098595, 0.24398375, 0.32630754,
    0.59979668, 1.        , 0.9629231 , 0.47313597, 0.23291035, 0.75508371,
    0.57822396, 0.96794373, 0.04465611, 0.67044589, 0.19954227, 0.99412358,
    0.39227839, 0.55131654 ,0.0656959 , 0.67848769, 0.46193858, 0.54665965,
    0.62667529, 0.79257388, 0.81512962, 0.03513228],
    [0.07309519, 0.00405112, 0.22242499, 0.61191394, 0.34887312, 0.44510995,
    0.64659948, 0.9629231,  1.        , 0.46133716, 0.24970483, 0.89301034,
    0.61966596, 0.99468899, 0.08755502, 0.65645185, 0.19570762, 0.97208303,
    0.55210441, 0.70872953, 0.11605406, 0.74798112, 0.52446633, 0.67770165,
    0.75523505, 0.63161806, 0.6494958,  0.04369907],
    [0.72494609, 0.37783169, 0.27745642, 0.96700727, 0.30172015, 0.4382698,
    0.06277664, 0.47313597, 0.46133716, 1.        , 0.11770978, 0.29886522,
    0.91660524, 0.40387963, 0.12033204, 0.95530504, 0.83768009, 0.41308969,
    0.12678301, 0.39412415, 0.25796528, 0.81504697, 0.08195645, 0.56466305,
    0.15023497, 0.50761359, 0.42947021, 0.60454102],
    [0.05309426, 0.13871185, 0.05057384, 0.13835075, 0.09522926, 0.46563895,
    0.10367296, 0.23291035, 0.24970483, 0.11770978, 1.        , 0.36722061,
    0.1341314 , 0.23569874, 0.17766369, 0.18139206, 0.00620796, 0.22071322,
    0.72427069, 0.51168867, 0.52359906, 0.20344473, 0.09069348, 0.37508205,
    0.28628   , 0.35405203, 0.30985563, 0.08369294],
    [0.06193542, 0.07068179, 0.16803909 ,0.45035671, 0.53453331 ,0.5521146,
    0.70027555, 0.75508371, 0.89301034, 0.29886522, 0.36722061 ,1.,
    0.50352973, 0.88466855, 0.19317753, 0.4565163,  0.13369264, 0.79381766,
    0.81747281, 0.85298305, 0.19485526, 0.66276126, 0.63025006, 0.74224644,
    0.91464162, 0.32922576, 0.34698413, 0.06187274],
    [0.51916155, 0.22693194, 0.34396182, 0.98058324, 0.23942165, 0.67863038,
    0.1222558 , 0.57822396, 0.61966596, 0.91660524, 0.1341314,  0.50352973,
    1.        , 0.55501617, 0.03902436, 0.93845864, 0.76539705, 0.53390278,
    0.31820014, 0.65685328, 0.35650828, 0.96979278, 0.0899372,  0.81720751,
    0.2696906 , 0.44813159, 0.40018037, 0.36708242],
    [0.05031607, 0.00189221, 0.19890697, 0.55000433, 0.35885624, 0.39403838,
    0.70233237, 0.96794373, 0.99468899, 0.40387963, 0.23569874, 0.88466855,
    0.55501617, 1.        , 0.09259633, 0.59995457, 0.15538699, 0.98379564,
    0.53280678, 0.66376271, 0.09131485, 0.68616545, 0.57498657, 0.62068163,
    0.77755066, 0.6361857 , 0.66524322, 0.03246831],
    [0.57296901, 0.81792577, 0.16934066, 0.05064578 ,0.29830084, 0.02832956,
    0.12793202, 0.04465611, 0.08755502, 0.12033204, 0.17766369, 0.19317753,
    0.03902436, 0.09259633, 1.        , 0.03663007, 0.28803161, 0.06235034,
    0.20767001, 0.11803791, 0.09327055, 0.02882946, 0.12973161, 0.05151867,
    0.22462804, 0.06360851, 0.0779616,  0.68534858],
    [0.52946598, 0.21081329, 0.32107154, 0.98449443, 0.24709906, 0.48493992,
    0.14437594, 0.67044589, 0.65645185, 0.95530504, 0.18139206, 0.4565163,
    0.93845864, 0.59995457, 0.03663007, 1.        , 0.68515255, 0.61118198,
    0.22404934, 0.51596952, 0.23686189, 0.89721207, 0.12084399, 0.65813775,
    0.25464994, 0.64135787, 0.56957095, 0.41315199],
    [0.87875888, 0.66920749, 0.17271003, 0.76458615, 0.35314874, 0.40007211,
    0.0044328 , 0.19954227, 0.19570762, 0.83768009, 0.00620796, 0.13369264,
    0.76539705, 0.15538699, 0.28803161, 0.68515255 ,1.        , 0.16202654,
    0.07310447, 0.26382605, 0.25638433, 0.61682957, 0.03649747, 0.4425518,
    0.06637684, 0.26496261, 0.24301122, 0.72267569],
    [0.05019308, 0.00306247, 0.19951104, 0.54662346, 0.28044025, 0.32432278,
    0.66790105, 0.99412358, 0.97208303, 0.41308969, 0.22071322, 0.79381766,
    0.53390278, 0.98379564, 0.06235034, 0.61118198, 0.16202654, 1.,
    0.426078  , 0.56489342, 0.06347115, 0.64693692, 0.52730304, 0.54205393,
    0.68836903, 0.7411193 , 0.77466228, 0.02249575],
    [0.02772818, 0.12556334, 0.12578775, 0.24114071, 0.45159713, 0.66443894,
    0.44489774, 0.39227839, 0.55210441, 0.12678301, 0.72427069, 0.81747281,
    0.31820014, 0.53280678, 0.20767001, 0.22404934, 0.07310447, 0.426078,
    1.        , 0.86581744, 0.41667516, 0.4630832,  0.4320546,  0.70074711,
    0.74122838, 0.13301386, 0.12904645, 0.02921748],
    [0.07324361, 0.04058553, 0.23838746, 0.55710488, 0.29982299, 0.88043612,
    0.36606857, 0.55131654, 0.70872953, 0.39412415, 0.51168867, 0.85298305,
    0.65685328, 0.66376271, 0.11803791, 0.51596952, 0.26382605, 0.56489342,
    0.86581744, 1.        , 0.53285229, 0.79221638, 0.30342992, 0.95575417,
    0.63659043, 0.22298558, 0.21128508, 0.02205444],
    [0.15381283, 0.02973577, 0.18788174, 0.2836758 , 0.01301427, 0.81294358,
    0.05738999, 0.0656959 , 0.11605406, 0.25796528, 0.52359906, 0.19485526,
    0.35650828, 0.09131485, 0.09327055, 0.23686189, 0.25638433, 0.06347115,
    0.41667516, 0.53285229, 1.        , 0.37234181, 0.03122583, 0.57857172,
    0.07079621, 0.05127783, 0.02121833, 0.1903809 ],
    [0.35860423, 0.12121865, 0.34878788, 0.9303747 , 0.23549304, 0.74641535,
    0.21764757, 0.67848769, 0.74798112, 0.81504697, 0.20344473, 0.66276126,
    0.96979278, 0.68616545, 0.02882946, 0.89721207, 0.61682957, 0.64693692,
    0.4630832 , 0.79221638, 0.37234181, 1.        , 0.156746  , 0.90609876,
    0.40253385, 0.4563991 , 0.41956209, 0.22720151],
    [0.1264918 , 0.08940803, 0.1428946 , 0.09583238, 0.75775117, 0.09655311,
    0.96636101, 0.46193858, 0.52446633, 0.08195645, 0.09069348, 0.63025006,
    0.0899372 , 0.57498657, 0.12973161, 0.12084399, 0.03649747, 0.52730304,
    0.4320546 , 0.30342992, 0.03122583, 0.156746  , 1.        , 0.18894607,
    0.86080998, 0.19049605, 0.22263667, 0.19293537],
    [0.17705481, 0.05092591, 0.30215554, 0.71763006, 0.21907153, 0.9303188,
    0.25548584, 0.54665965, 0.67770165, 0.56466305, 0.37508205, 0.74224644,
    0.81720751, 0.62068163, 0.05151867, 0.65813775, 0.4425518 , 0.54205393,
    0.70074711, 0.95575417, 0.57857172, 0.90609876, 0.18894607, 1.,
    0.48300298, 0.25638246, 0.23775063, 0.07997232],
    [0.10289988, 0.13115577, 0.1118672,  0.24030285, 0.73933105, 0.31809732,
    0.87645664, 0.62667529, 0.75523505, 0.15023497, 0.28628  ,  0.91464162,
    0.2696906 , 0.77755066, 0.22462804, 0.25464994, 0.06637684, 0.68836903,
    0.74122838, 0.63659043, 0.07079621, 0.40253385, 0.86080998, 0.48300298,
    1.        , 0.22323162, 0.25402462, 0.14485853],
    [0.1990968 , 0.17462734, 0.2080796,  0.53648753, 0.0777974 , 0.12806758,
    0.27817387, 0.79257388, 0.63161806, 0.50761359, 0.35405203, 0.32922576,
    0.44813159, 0.6361857 , 0.06360851, 0.64135787, 0.26496261, 0.7411193,
    0.13301386, 0.22298558, 0.05127783, 0.4563991  ,0.19049605, 0.25638246,
    0.22323162, 1.        , 0.98564867, 0.13499249],
    [0.15999133 ,0.18340561, 0.18953853, 0.47258497, 0.05865383, 0.110114,
    0.33517807, 0.81512962, 0.6494958,  0.42947021, 0.30985563, 0.34698413,
    0.40018037, 0.66524322, 0.0779616,  0.56957095, 0.24301122, 0.77466228,
    0.12904645, 0.21128508, 0.02121833, 0.41956209, 0.22263667, 0.23775063,
    0.25402462, 0.98564867, 1.       ,  0.09152495],
    [0.95749775, 0.83255243, 0.01848139, 0.43596275, 0.48064922, 0.06923869,
    0.12057552, 0.03513228, 0.04369907, 0.60454102, 0.08369294, 0.06187274,
    0.36708242, 0.03246831, 0.68534858, 0.41315199, 0.72267569, 0.02249575,
    0.02921748, 0.02205444, 0.1903809,  0.22720151, 0.19293537, 0.07997232,
    0.14485853, 0.13499249, 0.09152495, 1.        ]])

    clean_K_gaus = np.array([[1.00000000e+00, 3.23936819e-02, 3.69191907e-01, 6.65897164e-02,
    1.70863981e-01, 4.83802787e-01, 4.51204599e-01, 6.06069549e-04,
    1.30426687e-01, 6.66843522e-01, 2.10686813e-01, 1.06938862e-01,
    1.22237334e-01, 2.90775991e-01, 1.69463813e-01, 1.70199637e-01,
    2.09104709e-01, 9.10889878e-02, 3.08981509e-01, 3.44486102e-01],
    [3.23936819e-02, 1.00000000e+00, 1.48142673e-01, 1.90324751e-02,
    7.13626634e-02, 6.00368942e-02, 2.00844544e-01, 4.58934085e-01,
    3.25251679e-01, 2.16892676e-02 ,2.74007505e-01, 4.77399370e-02,
    4.49566247e-01, 1.90640785e-01, 2.43669092e-01, 3.06924981e-01,
    2.74624958e-01, 5.00080708e-01, 1.78760046e-01, 7.31824785e-02],
    [3.69191907e-01, 1.48142673e-01, 1.00000000e+00, 2.41540302e-01,
    2.68391261e-01, 5.60600225e-01, 2.33893900e-01, 1.88113335e-02,
    2.14804957e-01, 6.93299929e-01, 8.63671556e-01, 2.24667066e-01,
    6.54139162e-01, 1.56118809e-01, 3.94513679e-01, 9.10850576e-01,
    7.86971218e-01, 1.11865727e-02, 9.87002038e-01, 5.50332616e-01],
    [6.65897164e-02, 1.90324751e-02, 2.41540302e-01, 1.00000000e+00,
    1.63070351e-03, 5.27802141e-01, 4.60414050e-01, 3.01303730e-01,
    2.56423208e-01, 3.32092092e-01, 2.61572444e-01, 9.78038229e-01,
    2.31640047e-01, 6.63455899e-01, 5.23358141e-01, 2.15226733e-01,
    3.07528963e-01, 1.63296656e-01, 2.44436119e-01, 6.22346928e-01],
    [1.70863981e-01, 7.13626634e-02, 2.68391261e-01, 1.63070351e-03,
    1.00000000e+00, 1.11236779e-01, 9.28515151e-03, 3.14987967e-01,
    6.37698307e-02, 1.87943384e-01, 1.64431969e-01, 2.93060296e-04,
    7.68097367e-02, 2.42255074e-06, 6.52001963e-02, 1.68287445e-01,
    1.38994831e-01, 4.76426488e-01, 2.40456712e-01, 9.44113549e-02],
    [4.83802787e-01, 6.00368942e-02, 5.60600225e-01, 5.27802141e-01,
    1.11236779e-01, 1.00000000e+00, 8.18269108e-01, 1.69989511e-01,
    9.75780702e-03, 9.34853543e-01, 6.46646164e-01, 5.97944945e-01,
    5.17622232e-01, 7.44347110e-01, 5.79857923e-01, 5.10179784e-01,
    6.91190319e-01, 2.12529375e-01, 5.92754335e-01, 9.55649589e-01],
    [4.51204599e-01, 2.00844544e-01, 2.33893900e-01, 4.60414050e-01,
    9.28515151e-03, 8.18269108e-01, 1.00000000e+00, 1.76706326e-01,
    6.87042830e-02, 7.35697614e-01, 2.85954301e-01, 5.93125688e-01,
    2.17827122e-01, 9.39603110e-01, 2.83686093e-01, 1.94011831e-01,
    3.24131684e-01, 2.40581765e-01, 2.49594959e-01, 6.90308859e-01],
    [6.06069549e-04, 4.58934085e-01, 1.88113335e-02, 3.01303730e-01,
    3.14987967e-01, 1.69989511e-01, 1.76706326e-01, 1.00000000e+00,
    2.27139031e-01, 8.33239998e-02, 1.48423384e-02, 2.89152323e-01,
    2.28554507e-02, 2.01937303e-01, 6.79213449e-02, 5.36877211e-05,
    3.38397183e-02, 8.25548233e-01, 6.34811645e-03, 1.78581635e-01],
    [1.30426687e-01, 3.25251679e-01, 2.14804957e-01, 2.56423208e-01,
    6.37698307e-02, 9.75780702e-03, 6.87042830e-02, 2.27139031e-01,
    1.00000000e+00, 4.94317459e-02, 1.97999825e-01, 1.48888238e-01,
    2.14476718e-01, 4.81490205e-03, 1.77977937e-01, 3.14774332e-01,
    1.52380930e-01, 3.85343143e-01, 2.29100563e-01, 1.59424560e-02],
    [6.66843522e-01, 2.16892676e-02, 6.93299929e-01, 3.32092092e-01,
    1.87943384e-01, 9.34853543e-01, 7.35697614e-01, 8.33239998e-02,
    4.94317459e-02, 1.00000000e+00, 6.51666636e-01, 4.02429866e-01,
    4.55989122e-01, 5.92745630e-01, 4.19209561e-01, 5.59683001e-01,
    6.53875495e-01, 1.85845914e-01, 6.91339574e-01, 8.27470923e-01],
    [2.10686813e-01, 2.74007505e-01, 8.63671556e-01 ,2.61572444e-01,
    1.64431969e-01, 6.46646164e-01, 2.85954301e-01, 1.48423384e-02,
    1.97999825e-01, 6.51666636e-01, 1.00000000e+00, 2.36875651e-01,
    9.26526784e-01, 2.10543475e-01, 7.06460683e-01, 9.66912414e-01,
    9.85772507e-01, 3.09574635e-02 ,9.29905124e-01, 7.22859739e-01],
    [1.06938862e-01, 4.77399370e-02, 2.24667066e-01, 9.78038229e-01,
    2.93060296e-04, 5.97944945e-01, 5.93125688e-01, 2.89152323e-01,
    1.48888238e-01, 4.02429866e-01, 2.36875651e-01, 1.00000000e+00,
    1.94574406e-01, 7.89511821e-01, 4.65495332e-01, 1.77761848e-01,
    2.84220293e-01, 1.69200308e-01, 2.23720436e-01, 6.52474105e-01],
    [1.22237334e-01, 4.49566247e-01, 6.54139162e-01, 2.31640047e-01,
    7.68097367e-02, 5.17622232e-01, 2.17827122e-01, 2.28554507e-02,
    2.14476718e-01, 4.55989122e-01, 9.26526784e-01, 1.94574406e-01,
    1.00000000e+00, 1.74811389e-01, 8.38815120e-01, 8.65774672e-01,
    9.52810397e-01, 2.51470570e-02, 7.49470037e-01, 6.53931446e-01],
    [2.90775991e-01, 1.90640785e-01, 1.56118809e-01, 6.63455899e-01,
    2.42255074e-06, 7.44347110e-01, 9.39603110e-01, 2.01937303e-01,
    4.81490205e-03, 5.92745630e-01, 2.10543475e-01, 7.89511821e-01,
    1.74811389e-01, 1.00000000e+00, 3.24539706e-01, 1.19820919e-01,
    2.61119603e-01, 1.96330236e-01, 1.67213486e-01, 6.71333059e-01],
    [1.69463813e-01, 2.43669092e-01, 3.94513679e-01, 5.23358141e-01,
    6.52001963e-02, 5.79857923e-01, 2.83686093e-01, 6.79213449e-02,
    1.77977937e-01, 4.19209561e-01, 7.06460683e-01, 4.65495332e-01,
    8.38815120e-01, 3.24539706e-01, 1.00000000e+00, 5.67427142e-01,
    8.00804408e-01, 1.52935898e-02, 4.82072108e-01, 7.66837334e-01],
    [1.70199637e-01, 3.06924981e-01, 9.10850576e-01, 2.15226733e-01,
    1.68287445e-01, 5.10179784e-01, 1.94011831e-01, 5.36877211e-05,
    3.14774332e-01, 5.59683001e-01, 9.66912414e-01, 1.77761848e-01,
    8.65774672e-01, 1.19820919e-01, 5.67427142e-01, 1.00000000e+00,
    9.14456931e-01, 1.90798928e-02, 9.59876471e-01, 5.69351239e-01],
    [2.09104709e-01, 2.74624958e-01, 7.86971218e-01, 3.07528963e-01,
    1.38994831e-01, 6.91190319e-01, 3.24131684e-01, 3.38397183e-02,
    1.52380930e-01, 6.53875495e-01, 9.85772507e-01, 2.84220293e-01,
    9.52810397e-01, 2.61119603e-01, 8.00804408e-01, 9.14456931e-01,
    1.00000000e+00, 3.68375291e-02, 8.65892514e-01, 7.89714202e-01],
    [9.10889878e-02, 5.00080708e-01, 1.11865727e-02, 1.63296656e-01,
    4.76426488e-01, 2.12529375e-01, 2.40581765e-01, 8.25548233e-01,
    3.85343143e-01, 1.85845914e-01, 3.09574635e-02, 1.69200308e-01,
    2.51470570e-02, 1.96330236e-01, 1.52935898e-02, 1.90798928e-02,
    3.68375291e-02, 1.00000000e+00, 1.47682509e-02, 1.58998590e-01],
    [3.08981509e-01, 1.78760046e-01, 9.87002038e-01, 2.44436119e-01,
    2.40456712e-01, 5.92754335e-01, 2.49594959e-01, 6.34811645e-03,
    2.29100563e-01, 6.91339574e-01, 9.29905124e-01, 2.23720436e-01,
    7.49470037e-01, 1.67213486e-01, 4.82072108e-01, 9.59876471e-01,
    8.65892514e-01, 1.47682509e-02, 1.00000000e+00, 6.06327893e-01],
    [3.44486102e-01, 7.31824785e-02, 5.50332616e-01, 6.22346928e-01,
    9.44113549e-02, 9.55649589e-01, 6.90308859e-01, 1.78581635e-01,
    1.59424560e-02, 8.27470923e-01, 7.22859739e-01, 6.52474105e-01,
    6.53931446e-01, 6.71333059e-01, 7.66837334e-01, 5.69351239e-01,
    7.89714202e-01, 1.58998590e-01, 6.06327893e-01, 1.00000000e+00]])

    
    return clean_K_bc220, clean_K_bc45, clean_K_gaus


def ibm_results():
    """
    Upper and lower bound values for varying levels of local noise 
    accompanied by the empirically simulated value of the noisy margin at those noise levels
    along with the precomputed noisy margin computed from hardware and from the FakeFez simulator
    scaled by the value of the clean margin for each dataset
    """
    p_local_list = [0,0.05,0.1,0.25,0.375,0.5,0.75]

    #BC Dataset (200-220)
    margin_bc220 = [0.17235306085243107,0.13792834269639856,
                       0.10905599093889612,0.049313437735146064,
                        0.022074387133084954,0.007739050459366978, 0.0002870983614291353]
    upper_bound_bc220 = [0.1754243872613956, 0.1450042471073588,
                    0.1220172670289771,0.07550504324022196, 
                     0.050009100452679915,0.03123910663809903,
                    0.007692257952815717]
    lower_bound_bc220 = [0.0018632811226476308, 0.0016816112131894866, 0.001509257709344581,
                   0.0010480956314892925, 0.0007278441885342308, 0.0004658202806619077,
                   0.00011645507016547693]
    
    clean_margin = margin_bc220[0] #retrieve the value of the margin at p = 0 

    #Scale all values by the clean margin
    fake_margin_bc220 = 0.15032955315048863/clean_margin
    IBM_margin_bc220 = 0.009068882631516556/clean_margin

    margin_bc220 = np.array(margin_bc220)/clean_margin
    upper_bound_bc220 = np.array(upper_bound_bc220)/clean_margin
    lower_bound_bc220 = np.array(lower_bound_bc220)/clean_margin

    #BC Dataset (0-45)
    margin_bc45 = [0.1834608045807067,0.1394723135174364,0.1038951396210843,
                       0.036569851859186805, 0.011618989814224767,0.0026823077968948054,
                         0.00046061808288105764]
    upper_bound_bc45 = [0.19190119422729962,0.1579088803140443,  0.13250148887265267,
                   0.08164934069433755, 0.05400008447061215, 0.033708838220605414,
                    0.008296955375195843 ]

    lower_bound_bc45 = [0.004224650730434947,0.0038127472842175397, 0.003421967091652307, 0.0023763660358696575,
                    0.001650254191576151,0.0010561626826087367, 0.0002640406706521842]

    clean_margin = margin_bc45[0]
    fake_margin_bc45 = 0.003074991723256815/clean_margin
    IBM_margin_bc45 = 0.008533759463051632/clean_margin
    
    #Gaussian Dataset (267-302)
    margin_gaus = [0.16672568653477018, 0.13016437282822305, 0.09921444591843095,
                       0.0368893142721446,0.012429141560558452, 0.002594780824652404,
                         0.00018967166824946255]
    upper_bound_gaus = [0.1796814366516817, 0.1470903265310324, 0.12303112703807885,
                    0.07546077489757791, 0.049827570856779246, 0.031080704238074706,
                   0.007646614625996769 ]
    lower_bound_gaus = [0.0011180088521861651, 0.001009002989098014,0.0009055871702707937,
                    0.0006288799793547178,0.00043672220788522077, 0.0002795022130465413,
                     6.987555326163532e-05 ]

    clean_margin = margin_gaus[0]
    fake_margin_gaus = 0.0015159706287364203/clean_margin
    IBM_margin_gaus = 0.0005975879133687485/clean_margin
    
    return p_local_list, margin_bc220, upper_bound_bc220, lower_bound_bc220, fake_margin_bc220, IBM_margin_bc220,margin_bc45, upper_bound_bc45, lower_bound_bc45, fake_margin_bc45, IBM_margin_bc45,margin_gaus, upper_bound_gaus, lower_bound_gaus, fake_margin_gaus, IBM_margin_gaus 
